43
1 14 280 37 337
1 26 301 71 413
1 55 295 116 446
1 69 305 151 506
1 184 295 230 410
1 126 258 147 312
1 143 262 165 317
1 182 261 205 317
1 206 264 227 319
1 217 267 236 315
1 225 261 248 318
1 270 261 291 313
1 288 263 308 313
1 241 291 303 442
1 297 296 383 508
1 346 293 390 404
1 305 265 324 312
1 336 258 357 312
1 349 262 369 313
1 356 262 376 311
1 366 264 386 312
1 377 261 397 312
1 393 261 412 310
1 401 256 422 311
1 421 296 478 435
1 493 298 537 405
1 466 258 488 314
1 450 254 472 309
1 559 302 645 513
1 605 299 663 440
1 259 260 279 312
1 244 258 269 319
3 500 263 514 295
3 518 267 536 312
3 534 270 552 301
3 545 313 578 359
3 489 263 501 295
3 433 260 463 301
3 326 261 340 284
3 199 260 216 274
3 84 264 111 297
3 70 267 89 297
3 50 291 73 319
