38
1 33 309 51 352
1 0 307 13 355
1 45 303 64 352
1 51 300 81 375
1 104 298 140 386
1 130 300 158 372
1 146 294 187 396
1 206 294 240 377
1 212 282 265 411
1 279 283 321 385
1 301 294 327 360
1 248 309 254 324
1 188 302 198 328
1 204 306 219 344
1 325 265 392 429
1 371 280 421 401
1 319 294 349 369
1 398 290 424 356
1 424 288 461 379
1 370 306 381 335
1 509 294 513 307
1 457 289 483 352
1 444 289 474 364
3 1 315 10 354
3 9 314 20 356
3 19 317 38 354
3 24 306 35 317
3 76 318 93 354
3 93 316 107 355
3 575 296 598 349
3 550 296 571 347
3 533 297 550 347
3 518 296 533 346
3 499 302 514 342
3 486 304 500 342
5 152 302 160 311
5 98 306 109 313
5 82 305 94 314
