44
1 16 257 59 361
1 67 249 108 351
1 51 253 89 346
1 0 255 40 359
1 0 256 30 347
1 81 258 116 344
1 108 253 139 328
1 37 252 68 327
1 124 248 158 330
1 134 241 178 349
1 149 253 188 349
1 170 251 210 351
1 188 247 232 358
1 209 247 249 344
1 228 245 267 343
1 256 252 285 325
1 271 253 301 328
1 282 247 323 347
1 291 250 329 346
1 309 247 348 342
1 325 241 368 348
1 339 252 379 350
1 367 262 476 530
1 364 243 405 343
1 390 249 420 326
1 426 245 464 340
1 447 249 486 345
1 473 256 509 345
1 501 264 545 375
1 523 252 559 342
1 547 260 582 345
1 560 255 597 346
1 586 250 627 350
1 572 260 609 351
1 607 248 650 353
1 630 255 669 353
1 641 257 682 357
1 659 255 702 359
1 671 254 710 362
1 488 246 526 338
3 579 241 599 266
3 366 246 375 270
3 390 239 407 265
3 422 247 438 262
