31
1 24 166 51 233
1 44 167 71 234
1 75 168 101 232
1 3 185 23 233
1 96 178 117 233
1 120 173 134 208
1 144 151 165 203
1 175 149 196 201
1 195 149 216 203
1 211 149 233 202
1 229 155 249 203
1 242 152 262 203
1 261 150 280 199
1 281 146 303 203
1 305 148 326 202
1 326 170 338 201
1 330 150 350 201
1 346 149 366 200
1 370 171 381 200
1 369 156 385 196
1 390 149 409 198
1 875 170 899 231
1 850 164 876 231
1 837 160 866 231
1 823 162 851 231
1 794 168 817 227
1 772 168 793 222
2 601 125 685 333
2 531 154 564 237
3 16 206 319 517
3 310 182 577 504
