87
1 7 171 64 313
1 4 154 49 267
1 66 141 108 246
1 83 103 109 167
1 118 130 158 230
1 107 159 154 274
1 153 142 188 229
1 160 178 215 316
1 207 135 245 231
1 239 156 288 275
1 268 145 313 255
1 319 136 360 238
1 342 182 399 324
1 379 160 430 286
1 401 144 452 272
1 439 135 489 256
1 472 102 500 177
1 464 107 490 170
1 449 104 475 170
1 430 105 457 170
1 407 111 431 170
1 393 108 418 171
1 378 108 402 170
1 366 108 392 174
1 356 110 378 167
1 343 114 367 174
1 334 108 358 170
1 313 106 335 163
1 296 105 322 171
1 282 103 309 168
1 271 107 295 167
1 249 106 276 173
1 226 106 251 167
1 241 105 264 164
1 202 107 228 170
1 192 108 215 165
1 178 108 201 166
1 168 108 189 162
1 150 115 170 165
1 260 108 284 166
1 139 118 159 166
1 121 105 143 159
3 487 84 496 105
3 474 80 489 103
3 463 80 478 104
3 444 93 458 106
3 427 96 446 111
3 419 104 437 113
3 409 96 418 109
3 393 95 408 108
3 381 97 398 110
3 370 93 382 110
3 357 95 372 112
3 334 100 352 111
3 311 98 328 116
3 292 99 306 117
3 260 93 278 109
3 250 93 260 105
3 219 102 233 121
3 191 101 203 114
3 203 96 215 108
3 159 106 174 119
3 148 104 160 116
3 131 99 149 116
3 105 101 119 112
3 108 113 123 127
3 83 94 95 108
3 77 97 86 107
3 64 96 79 115
3 45 104 60 116
3 0 102 14 124
3 14 103 24 117
3 23 100 33 114
3 33 102 45 117
3 0 124 10 157
3 12 118 21 153
3 22 114 28 155
3 27 125 42 155
3 40 129 52 160
3 49 126 61 154
3 63 126 76 154
3 61 112 70 126
3 68 112 81 131
3 80 126 92 145
3 79 108 95 127
3 108 130 126 146
3 101 133 114 154
