35
1 52 135 96 242
1 66 145 107 246
1 95 142 137 246
1 127 139 169 243
1 153 137 198 248
1 183 141 226 245
1 216 136 259 242
1 364 124 408 234
1 437 133 460 217
1 282 138 322 239
1 299 127 342 233
1 322 141 359 233
1 343 148 379 238
1 253 136 295 241
1 229 133 272 237
3 91 139 109 178
3 121 134 141 164
3 152 137 170 160
3 194 123 215 150
3 221 123 243 139
3 208 132 225 169
3 255 133 267 160
3 277 120 293 150
3 83 179 106 255
3 112 174 140 252
3 140 180 169 256
3 168 182 201 254
3 201 192 239 250
3 233 184 263 256
3 268 181 297 249
3 297 176 326 251
3 325 170 365 244
3 362 177 382 241
3 387 160 420 247
4 88 101 133 151
