55
1 15 121 67 248
1 51 108 93 210
1 128 122 184 258
1 148 103 187 199
1 204 110 240 198
1 248 109 287 205
1 315 127 364 250
1 377 121 418 223
1 361 104 398 196
1 302 102 334 183
1 447 105 468 158
1 432 106 453 157
1 100 109 129 181
3 466 113 484 138
3 470 104 479 118
3 482 103 493 122
3 488 104 496 120
3 490 85 497 99
3 479 86 493 99
3 471 85 481 97
3 462 85 475 98
3 123 83 136 97
3 141 86 150 97
3 154 86 164 98
3 163 81 173 97
3 173 86 183 98
3 183 77 197 94
3 207 77 222 93
3 268 100 293 130
3 414 104 427 121
3 361 102 377 119
3 344 94 359 108
3 345 109 356 117
3 351 109 362 119
3 250 104 263 114
3 252 114 266 127
3 3 121 17 173
3 11 118 25 143
3 0 102 11 119
3 8 101 19 118
3 19 108 25 118
3 35 96 51 119
3 89 127 108 150
3 101 102 109 118
3 89 100 100 115
3 122 102 133 115
3 131 102 141 118
3 138 101 150 127
3 132 119 143 132
3 123 119 136 130
3 178 121 194 146
3 181 101 194 123
3 427 90 440 107
5 0 76 200 132
5 223 77 485 156
