34
1 148 296 275 608
1 267 316 376 585
1 386 313 463 500
1 407 311 498 535
1 479 312 555 499
1 527 304 610 510
1 610 315 679 485
1 657 295 728 469
1 726 307 779 437
1 765 294 825 444
1 811 299 866 434
1 878 312 917 408
1 913 313 940 411
1 842 310 881 408
1 865 345 893 415
1 311 294 404 524
1 375 294 437 446
1 216 306 278 461
1 353 286 394 388
1 463 305 513 430
1 561 313 625 471
1 582 301 638 439
1 656 300 688 381
2 89 304 131 409
2 123 304 181 448
3 171 295 200 351
3 286 294 317 351
3 383 290 409 325
3 435 274 460 317
3 416 282 445 326
3 459 289 480 322
3 603 287 635 330
3 704 302 725 336
3 724 302 745 331
