33
1 31 206 83 335
1 0 189 33 288
1 94 198 123 268
1 127 187 138 215
1 147 193 169 247
1 153 202 187 288
1 197 188 216 238
1 210 203 253 307
1 265 199 297 279
1 306 188 331 250
1 326 191 346 239
1 339 191 359 243
1 368 206 413 316
1 450 181 469 228
1 466 186 485 232
1 474 186 501 251
1 485 191 519 277
1 502 194 552 319
1 557 184 582 247
1 595 187 630 276
1 580 176 597 219
1 648 189 698 313
1 640 182 665 246
1 697 184 723 249
1 715 190 747 271
1 741 176 758 218
1 763 184 793 259
1 788 182 804 224
1 811 194 853 299
3 252 186 265 201
3 289 182 297 192
3 407 184 422 204
3 851 171 879 192
