34
1 709 535 729 584
1 662 664 675 695
1 624 667 635 696
1 626 592 656 666
1 567 579 592 642
1 513 581 540 646
1 488 554 508 604
1 501 523 517 565
1 535 525 549 561
1 465 556 483 600
1 432 609 462 685
1 421 603 448 672
1 439 526 457 569
1 467 527 481 565
1 407 562 424 606
1 348 638 370 695
1 333 618 363 695
1 328 590 351 648
1 375 570 399 631
1 366 548 391 609
1 393 531 409 570
1 410 525 424 563
1 344 536 364 586
1 333 531 349 572
1 301 557 319 603
1 306 533 320 569
1 277 500 288 527
1 174 498 182 520
1 218 516 230 545
1 226 517 236 545
1 247 518 259 547
3 390 519 400 534
3 474 520 482 533
5 215 491 260 518
