30
1 170 398 269 643
1 241 396 342 645
1 337 391 407 562
1 388 348 416 418
1 298 345 333 432
1 540 320 559 368
1 469 439 576 703
1 596 420 720 725
1 660 373 721 524
1 771 364 811 462
1 716 356 759 460
1 695 359 729 441
1 652 347 675 405
1 583 359 619 449
1 591 380 659 547
1 622 343 646 403
1 570 324 586 365
1 565 322 581 361
3 220 636 434 787
3 685 521 787 717
3 151 391 203 459
3 204 370 257 442
3 160 502 312 731
3 650 381 675 423
3 690 482 843 784
3 604 329 620 346
3 621 332 638 343
3 636 343 653 367
3 272 363 295 413
3 304 366 323 409
