32
1 77 371 85 394
1 676 362 690 402
1 665 359 683 402
1 618 360 635 402
1 585 359 600 396
1 593 361 605 394
1 536 356 561 416
1 473 358 498 421
1 422 366 434 399
1 283 367 307 429
1 306 363 332 430
1 246 371 268 424
1 242 370 259 411
1 236 383 247 411
1 213 371 228 410
1 198 371 216 415
1 192 364 210 409
1 103 368 139 458
1 126 369 159 451
1 145 364 180 453
1 336 367 355 415
1 347 367 366 415
1 365 371 383 415
1 374 371 391 415
1 265 368 281 408
5 0 371 192 391
5 431 362 473 385
5 487 361 543 384
5 260 363 404 411
5 223 365 237 410
5 415 365 425 384
5 576 359 588 380
