41
1 11 243 40 317
1 41 245 71 318
1 64 248 91 317
1 75 244 104 315
1 84 239 110 303
1 108 239 131 298
1 94 241 117 297
1 132 240 154 297
1 140 244 168 316
1 157 241 185 311
1 178 244 199 297
1 167 240 194 306
1 201 243 230 316
1 214 243 240 306
1 223 246 244 301
1 330 245 358 316
1 325 244 349 306
1 318 245 341 301
1 370 250 392 307
1 397 250 418 303
1 414 256 440 322
1 423 250 446 307
1 428 246 452 304
1 436 246 463 312
1 448 251 476 322
1 480 253 506 317
1 493 252 521 323
1 515 244 542 309
1 535 250 565 324
1 549 253 576 318
1 574 251 600 322
1 567 245 589 298
1 389 251 408 300
1 348 250 369 302
1 291 248 312 301
1 263 244 286 300
1 187 244 206 290
3 552 246 560 261
3 0 240 8 299
3 589 247 599 269
5 0 237 599 303
