41
1 44 177 78 259
1 82 148 129 263
1 137 137 188 264
1 195 193 223 262
1 255 191 284 262
1 244 208 267 264
1 309 180 342 264
1 299 208 320 262
1 366 217 384 260
1 380 196 406 261
1 397 169 435 262
1 419 208 441 262
1 457 181 490 263
1 476 204 501 264
1 524 150 571 267
1 561 186 592 263
1 636 207 658 263
1 570 197 596 260
1 675 161 716 263
1 721 206 744 265
1 765 210 786 263
3 83 217 100 263
3 0 206 19 233
3 332 239 348 266
3 350 239 371 264
4 27 270 79 355
4 79 270 131 375
4 133 269 179 396
4 187 268 230 349
4 248 267 280 338
4 296 266 342 348
4 353 268 387 319
4 383 270 401 337
4 403 267 439 376
4 455 267 488 351
4 482 269 507 336
4 532 266 572 390
4 570 270 599 347
4 642 267 667 338
4 684 271 719 379
4 721 273 751 346
