33
1 25 145 84 289
1 66 139 124 280
1 52 123 110 265
1 117 142 174 282
1 166 142 221 279
1 143 120 196 252
1 218 200 256 295
1 256 198 293 292
1 235 140 292 279
1 277 201 318 303
1 313 188 358 297
1 281 135 344 290
1 323 141 383 288
1 364 191 406 296
1 424 182 474 305
1 404 144 462 287
1 471 201 517 315
1 453 136 517 293
1 518 212 554 303
1 508 138 573 297
1 575 199 621 315
1 543 141 609 303
3 192 113 211 137
3 221 123 236 163
3 256 92 278 122
3 284 105 303 136
3 322 106 341 134
3 355 96 386 132
3 406 99 433 137
3 382 116 410 157
3 458 120 475 153
3 476 102 494 131
3 540 107 564 143
