30
1 5 171 15 198
1 18 172 28 196
1 23 170 33 195
1 32 184 49 225
1 46 170 55 191
1 58 168 67 192
1 64 165 73 186
1 73 167 84 193
1 78 180 92 214
1 82 185 99 228
1 104 173 117 207
1 123 180 136 215
1 135 171 147 200
1 145 175 161 214
1 148 184 168 232
1 170 171 182 202
1 179 177 196 219
1 199 174 214 210
1 212 185 231 234
1 216 164 230 198
1 230 178 247 220
1 248 174 261 209
1 256 167 271 204
1 298 185 318 233
1 308 179 325 224
1 321 174 334 209
1 373 188 391 235
1 40 170 49 195
3 378 179 393 187
3 378 173 392 179
