35
1 0 221 18 281
1 11 229 28 274
1 26 225 48 280
1 41 224 65 283
1 55 230 76 281
1 74 228 97 287
1 92 224 114 279
1 119 229 144 289
1 132 225 157 285
1 138 221 165 288
1 164 223 190 289
1 186 234 206 283
1 196 232 218 288
1 207 232 229 285
1 219 232 244 292
1 237 234 261 292
1 252 229 277 292
1 262 231 287 293
1 283 219 320 310
1 304 224 332 296
1 328 235 353 299
1 345 231 373 303
1 396 234 422 297
1 426 238 449 294
1 441 237 468 305
1 462 235 485 294
1 470 238 495 301
1 492 236 515 292
1 510 237 531 292
1 525 235 551 298
1 542 247 566 305
1 550 238 573 295
1 560 238 581 293
1 574 236 596 292
5 105 214 531 239
