113
1 0 132 14 188
1 4 136 24 185
1 14 131 36 188
1 28 137 48 186
1 36 134 59 190
1 51 141 70 188
1 59 134 82 191
1 78 134 102 192
1 105 136 126 191
1 109 133 133 194
1 128 133 151 190
1 150 134 175 196
1 46 109 55 131
1 95 135 118 191
1 171 135 195 196
1 188 133 214 199
1 208 135 229 190
1 227 134 253 197
1 182 110 188 127
1 197 113 202 125
1 213 107 218 121
1 251 135 278 203
1 273 133 299 196
1 284 143 308 203
1 300 141 325 204
1 315 135 343 204
1 337 137 365 209
1 375 162 386 190
1 529 147 550 214
1 386 146 415 217
1 414 157 424 183
1 428 155 440 187
1 442 155 454 188
1 457 163 469 193
1 480 148 495 186
1 417 102 426 123
1 405 105 411 119
1 325 232 360 321
1 285 231 328 336
1 218 246 259 347
1 154 234 197 339
1 114 234 153 330
1 205 192 254 314
1 269 201 297 272
1 334 213 363 286
1 177 207 211 291
1 129 218 163 300
1 362 143 370 165
1 355 170 369 208
1 329 103 337 124
1 311 104 318 124
1 306 107 309 118
1 244 139 267 198
1 218 133 243 197
1 143 105 150 123
1 150 106 158 127
1 145 137 162 181
3 318 202 333 226
3 534 147 548 177
3 519 147 531 166
3 511 148 521 166
3 503 151 513 172
3 497 150 504 163
3 463 141 472 153
3 455 108 465 121
3 445 113 453 126
3 485 115 493 132
3 295 105 303 117
3 268 109 278 117
3 465 115 477 128
3 335 138 346 151
3 373 140 384 160
3 519 167 536 187
3 517 189 538 238
3 500 175 510 190
3 504 187 517 239
3 474 147 481 169
3 482 188 504 237
3 470 183 482 202
3 449 146 458 158
3 441 186 462 227
3 433 178 442 203
3 416 177 432 222
3 386 149 394 165
3 34 118 44 126
3 24 122 31 133
3 32 126 37 138
3 37 127 45 132
3 50 131 57 141
5 8 121 21 133
5 0 116 6 131
5 60 123 84 133
5 543 110 549 130
5 524 116 542 145
5 542 130 549 146
5 494 116 524 148
5 446 126 495 146
5 427 119 445 146
5 387 114 426 148
5 371 115 387 140
5 348 117 370 140
5 336 119 348 137
5 322 115 332 128
5 291 118 325 142
5 273 121 291 137
5 232 117 241 127
5 256 120 267 131
5 263 116 271 125
5 203 117 220 140
5 220 123 233 135
5 161 122 182 138
5 118 115 141 135
5 83 117 117 136
