62
1 6 721 45 816
1 39 723 77 816
1 91 719 129 813
1 222 716 256 798
1 247 719 278 795
1 361 718 386 780
1 621 711 668 826
1 645 714 693 834
1 681 689 737 829
1 747 697 790 803
1 774 696 821 812
1 800 699 830 772
1 826 711 848 767
1 850 706 872 762
1 867 709 881 745
1 869 699 902 782
1 884 707 915 783
1 992 707 1007 744
1 976 703 992 742
1 1022 711 1037 748
1 1030 711 1044 746
1 1046 708 1065 754
1 1053 702 1084 777
1 1085 711 1114 783
1 1098 714 1128 788
1 1135 715 1162 781
1 1146 713 1177 792
1 1157 718 1185 787
1 1181 712 1217 799
1 1340 726 1354 763
1 1306 723 1319 757
1 1297 720 1312 757
1 1036 707 1050 742
1 961 689 967 706
1 958 685 961 695
1 951 697 955 706
1 945 686 948 697
1 934 693 939 706
1 938 694 942 707
1 929 694 933 707
1 1078 707 1103 769
2 1012 705 1030 751
2 916 709 930 746
2 964 702 982 748
3 1790 754 1842 835
3 1400 732 1438 781
3 1386 732 1414 778
3 1231 723 1258 756
3 935 707 943 725
3 900 707 915 743
3 910 699 922 725
3 979 690 983 701
3 968 689 976 701
3 780 705 800 739
3 555 729 580 758
3 192 745 230 803
3 278 744 305 796
3 244 709 267 786
3 1008 706 1015 721
3 982 700 994 718
3 1073 705 1078 724
3 1126 717 1138 734
