42
1 60 153 118 298
1 91 126 148 268
1 171 155 218 272
1 203 157 240 249
1 216 170 293 357
1 333 175 410 362
1 404 185 474 358
1 388 200 434 313
1 299 203 343 312
1 294 175 346 301
1 263 167 312 288
1 375 170 429 301
1 474 185 545 359
1 554 210 592 304
1 599 193 643 303
1 510 169 563 298
1 464 186 511 301
1 792 167 848 307
1 791 220 826 305
1 747 170 792 282
1 710 179 747 273
1 678 180 710 260
1 647 163 699 289
1 619 175 669 296
1 568 177 617 298
1 531 178 575 287
1 440 177 490 301
1 319 170 350 247
1 580 177 627 291
3 488 163 504 181
3 432 169 449 187
3 45 268 146 409
3 145 262 196 390
3 195 246 222 348
3 223 239 252 341
3 296 172 314 192
3 265 166 278 182
3 360 165 378 184
3 628 243 676 335
3 677 241 722 346
3 722 245 801 378
3 802 267 885 438
