39
1 0 193 52 328
1 119 152 158 250
1 79 146 110 221
1 51 145 76 206
1 35 138 55 189
1 11 130 27 169
1 182 167 235 298
1 285 153 326 254
1 449 183 499 304
1 430 181 449 228
1 442 117 477 203
1 407 120 441 206
1 276 115 301 177
1 227 151 258 226
1 246 142 266 192
1 179 141 204 204
1 153 144 172 191
1 100 134 120 182
1 264 115 286 169
1 198 109 218 160
1 141 125 154 158
1 113 127 124 154
1 75 131 85 156
1 41 127 58 168
1 175 129 192 173
1 225 115 244 162
1 360 115 385 175
1 367 158 392 219
1 299 115 326 180
1 308 113 338 187
1 324 108 352 176
3 331 205 415 331
3 392 153 413 190
3 385 109 402 124
3 409 109 423 130
3 442 108 461 133
3 295 110 306 124
5 0 101 184 156
5 209 105 338 159
