33
1 27 254 63 345
1 36 258 87 382
1 72 247 129 386
1 108 252 158 376
1 139 256 192 386
1 134 247 186 374
1 158 263 208 384
1 174 265 221 382
1 206 269 253 386
1 193 258 241 375
1 242 258 267 318
1 230 260 254 318
1 311 267 368 409
1 348 268 384 358
1 367 264 383 306
1 370 251 409 347
1 385 258 422 349
1 419 247 481 400
1 439 249 495 385
1 473 262 517 372
1 534 260 599 419
1 555 250 632 437
1 574 263 655 463
1 607 253 652 364
1 654 258 690 372
1 523 260 554 335
1 509 262 537 333
1 538 258 564 321
3 107 256 124 277
3 143 250 156 273
3 197 246 219 273
3 354 251 365 265
3 408 255 425 269
