35
1 32 102 64 183
1 55 107 89 191
1 79 106 120 206
1 114 102 144 177
1 146 106 179 186
1 190 115 224 198
1 219 109 249 182
1 242 107 253 135
1 252 108 264 139
1 254 109 279 173
1 249 105 293 216
1 295 114 323 183
1 345 112 375 188
1 336 107 354 151
1 332 112 344 145
3 294 100 304 114
3 304 97 318 109
3 353 108 361 127
3 371 110 378 127
3 379 110 393 132
3 395 108 404 129
3 418 115 425 136
3 415 109 423 121
3 422 107 432 124
3 428 107 437 122
3 432 109 445 130
3 443 114 457 141
3 456 109 467 124
3 465 108 483 136
3 478 106 491 137
3 472 112 483 121
3 284 98 299 116
4 285 208 365 244
4 109 197 187 228
4 374 184 427 208
