35
1 6 364 41 449
1 49 356 98 478
1 100 364 166 525
1 175 359 212 449
1 217 357 260 463
1 291 358 350 502
1 445 354 498 483
1 517 353 559 458
1 557 353 581 412
1 579 353 608 423
1 588 352 636 471
1 605 351 648 456
1 649 356 674 420
1 668 352 711 460
1 695 351 732 444
1 750 352 791 453
1 137 357 170 440
1 190 354 220 428
1 25 357 58 439
1 232 359 263 434
1 248 357 272 417
1 318 355 358 452
1 366 360 388 415
1 380 350 417 440
1 409 358 429 410
1 495 358 518 416
1 504 362 520 402
1 629 355 652 412
1 776 354 800 423
1 420 350 467 466
1 0 337 12 389
3 97 348 126 392
3 287 348 315 379
5 1 63 797 305
5 8 304 798 366
