30
1 0 324 46 470
1 17 335 68 461
1 79 332 131 461
1 121 344 147 411
1 136 345 166 420
1 140 308 251 578
1 234 321 346 594
1 397 328 458 480
1 325 326 375 449
1 357 348 391 431
1 454 346 507 479
1 424 348 458 433
1 489 341 523 425
1 504 347 539 433
1 537 347 572 436
1 557 338 597 438
1 623 344 645 401
1 651 349 702 474
1 656 336 741 543
1 695 342 753 487
1 818 336 885 502
1 890 306 947 448
1 901 314 958 455
1 934 312 993 458
1 953 287 1024 487
1 310 341 345 430
1 231 331 275 442
1 207 337 246 433
1 445 342 467 396
5 588 339 640 389
