36
1 341 101 469 415
1 272 68 363 289
1 48 170 188 515
1 457 172 601 523
1 674 150 821 510
1 763 101 860 338
1 12 56 46 142
1 0 53 22 139
3 89 77 139 129
3 185 101 223 159
3 172 297 271 423
3 626 244 694 353
3 629 109 694 161
3 404 58 416 68
3 269 51 281 70
3 335 0 355 15
3 457 5 469 24
3 583 27 588 41
3 568 28 581 47
3 542 64 553 83
3 559 53 576 75
3 583 63 600 89
3 700 78 717 98
3 730 73 750 97
3 757 72 769 87
3 811 36 822 60
3 830 23 852 40
3 790 11 806 26
3 851 49 862 58
3 871 47 885 60
3 672 36 686 48
3 428 37 447 53
3 490 14 499 29
3 278 35 296 54
3 306 44 319 70
3 319 52 327 68
