173
1 1059 464 1123 677
1 1076 366 1123 496
1 995 334 1044 454
1 946 309 990 418
1 900 284 944 395
1 865 277 901 367
1 848 260 886 352
1 817 250 851 332
1 799 234 830 312
1 781 233 809 301
1 762 230 781 280
1 728 189 746 232
1 710 214 731 265
1 701 213 720 260
1 687 209 705 252
1 964 412 1033 582
1 898 356 957 500
1 858 327 912 458
1 825 303 873 420
1 782 290 822 389
1 759 274 796 366
1 748 255 783 342
1 727 250 757 326
1 719 237 749 311
1 689 229 713 287
1 668 221 689 275
1 657 218 676 267
1 643 208 661 251
1 800 460 887 673
1 718 415 785 578
1 686 360 748 512
1 656 285 697 386
1 602 221 624 277
1 587 208 604 253
1 553 475 633 671
1 555 418 622 585
1 552 351 612 501
1 570 325 622 452
1 549 303 595 419
1 558 253 588 326
1 549 219 570 273
1 571 194 590 241
1 329 459 416 672
1 366 396 437 569
1 402 347 465 503
1 427 326 481 457
1 441 308 484 416
1 440 280 484 387
1 460 269 498 362
1 482 246 513 322
1 488 239 516 310
1 490 211 508 257
1 495 205 513 250
1 103 447 191 661
1 188 406 256 571
1 269 361 326 501
1 281 322 337 459
1 310 298 357 415
1 336 266 383 381
1 362 267 400 363
1 386 260 419 343
1 392 247 423 322
1 420 238 449 310
1 416 231 445 301
1 429 225 453 285
1 433 214 454 265
1 438 208 459 260
1 454 205 471 250
1 0 340 53 489
1 42 399 110 567
1 104 348 161 490
1 64 323 116 449
1 164 327 215 455
1 120 294 171 421
1 194 298 240 413
1 170 276 211 378
1 240 280 284 387
1 226 256 260 339
1 269 273 306 363
1 303 258 336 341
1 319 254 347 324
1 288 239 315 308
1 318 227 341 283
1 324 217 346 271
1 344 236 371 303
1 358 232 382 294
1 376 228 398 285
1 334 217 354 269
1 340 208 360 257
1 361 203 381 251
1 389 214 409 264
1 396 211 413 256
1 406 207 422 247
1 402 182 418 223
1 387 184 404 226
1 369 183 387 226
1 360 183 377 227
1 348 185 365 226
1 323 190 338 227
1 310 197 324 231
1 316 193 330 231
1 295 196 314 243
1 281 200 298 245
1 288 192 303 231
1 261 193 275 230
1 252 195 266 233
1 240 188 255 227
1 227 189 243 229
1 210 193 227 235
1 193 186 209 226
1 177 187 194 230
1 165 185 181 225
1 159 197 173 235
1 150 187 164 224
1 147 193 161 231
1 142 187 158 227
1 134 193 150 234
1 125 189 140 228
1 118 191 133 229
1 108 194 125 238
1 93 195 109 236
1 100 192 117 234
1 73 200 88 237
1 43 201 64 255
1 19 207 38 257
3 729 218 743 249
3 719 234 730 266
3 656 213 666 226
3 814 566 995 675
3 660 328 722 372
3 660 302 714 346
3 635 269 680 296
3 627 254 677 279
3 633 249 662 268
3 626 237 660 255
3 628 233 650 249
3 617 230 641 246
3 592 215 612 230
3 600 211 608 222
3 528 589 655 673
3 528 292 574 317
3 560 274 585 323
3 572 253 587 277
3 556 236 581 255
3 562 234 574 242
3 566 224 577 236
3 548 212 559 230
3 544 209 551 219
3 548 206 555 213
3 240 558 346 672
3 473 257 492 289
3 492 231 503 242
3 489 223 500 232
3 473 233 491 241
3 472 225 489 236
3 476 243 489 256
3 489 209 498 216
3 475 214 488 225
3 1 530 131 674
3 429 217 438 229
3 0 512 31 652
3 189 271 227 318
3 255 251 282 284
3 305 235 323 264
3 300 190 309 204
3 277 195 289 215
3 275 189 284 201
3 134 188 139 197
3 7 181 17 198
3 19 181 31 196
3 38 181 50 195
3 62 179 74 192
3 112 177 123 189
