55
1 344 310 364 360
1 314 301 346 382
1 373 304 418 413
1 397 303 423 366
1 416 308 444 380
1 425 307 457 387
1 436 302 470 387
1 447 304 485 396
1 464 307 502 400
1 480 307 520 408
1 500 312 538 408
1 505 312 561 449
1 526 304 586 454
3 0 66 33 197
3 24 68 168 223
3 121 31 177 147
3 152 35 180 71
3 167 35 198 57
3 172 38 265 177
3 221 40 276 121
3 242 22 289 84
3 274 18 299 64
3 304 43 362 118
3 351 58 448 225
3 338 0 389 48
3 381 0 444 72
3 434 29 493 115
3 472 40 567 172
3 226 339 293 453
3 229 301 274 358
3 228 296 249 327
3 215 296 234 330
3 198 293 224 329
3 137 335 203 397
3 166 322 194 354
3 182 316 220 366
3 175 301 193 325
3 170 292 192 312
3 159 296 176 316
3 153 299 169 317
3 139 291 159 313
3 138 285 152 304
3 66 341 112 391
3 67 312 95 352
3 87 312 102 348
3 92 319 110 356
3 105 311 121 349
3 100 291 113 315
3 126 306 138 333
3 138 309 146 336
3 90 300 100 320
3 34 313 59 369
3 27 306 49 337
3 33 296 63 344
5 69 294 215 328
