57
1 0 124 49 254
1 13 108 55 212
1 26 95 64 188
1 38 85 69 164
1 72 109 121 231
1 99 124 156 266
1 113 97 149 186
1 95 76 120 138
1 168 72 197 144
1 173 87 210 178
1 181 93 225 204
1 190 110 243 242
1 235 142 297 293
1 241 82 271 157
1 256 87 289 169
1 282 100 328 214
1 320 128 376 267
1 314 82 349 168
1 352 94 392 195
1 411 113 450 237
1 413 85 450 180
1 412 50 439 119
1 380 52 409 122
1 371 39 392 93
1 349 56 372 114
1 315 52 341 116
1 290 60 310 112
1 265 57 284 105
1 228 59 251 117
1 205 57 227 113
1 164 56 188 116
1 154 59 175 111
1 144 54 166 111
1 131 54 154 113
1 67 54 89 111
1 85 57 105 108
1 43 57 61 104
1 6 51 27 103
3 2 50 12 66
3 26 54 37 69
3 39 56 48 69
3 60 56 75 71
3 108 52 124 74
3 172 46 185 62
3 184 51 201 71
3 203 48 217 69
3 243 45 253 57
3 277 46 291 60
3 259 58 271 73
3 334 46 345 64
3 368 54 381 72
3 431 48 443 64
3 16 54 24 68
3 305 50 317 67
3 298 44 306 58
5 14 32 257 57
5 253 21 443 49
