48
1 0 152 32 295
1 25 161 79 296
1 68 163 123 299
1 110 164 166 300
1 154 162 210 298
1 196 164 249 297
1 237 162 293 300
1 259 146 340 343
1 343 164 401 305
1 392 163 448 302
1 432 167 488 305
1 476 164 533 304
1 523 166 564 306
1 282 93 294 122
1 270 90 282 123
1 259 91 271 121
1 247 87 260 121
1 172 88 184 120
1 162 88 175 121
1 151 87 163 120
1 135 86 149 121
1 123 89 135 119
1 112 87 124 117
1 10 85 22 116
3 321 230 355 280
3 385 221 406 283
3 63 130 80 144
3 177 135 195 147
3 199 134 219 149
3 214 135 232 150
3 236 134 254 148
3 311 140 330 157
3 1 88 7 105
3 28 89 45 101
3 105 87 113 98
3 435 101 448 114
3 455 103 463 114
5 0 99 112 127
5 305 102 429 133
5 466 102 562 134
5 1 138 171 186
5 173 150 252 185
5 256 141 290 171
5 315 150 412 189
5 334 138 457 150
5 412 150 538 186
5 489 138 561 147
5 533 150 562 183
