44
1 252 139 276 201
1 390 155 428 248
1 225 504 255 579
1 198 504 228 579
1 257 505 285 577
1 302 504 331 574
1 292 503 318 566
1 285 500 309 561
1 341 500 372 576
1 330 505 357 571
1 321 502 346 563
1 375 509 401 572
1 363 496 391 566
1 426 497 451 570
1 402 502 423 555
1 153 504 182 577
1 169 505 196 570
1 132 503 159 569
1 117 504 148 579
1 88 507 118 581
1 55 501 89 587
1 12 501 46 585
1 0 508 18 578
1 33 502 61 572
1 104 495 133 566
3 4 152 25 189
3 31 156 66 211
3 68 155 95 213
3 111 152 145 207
3 149 143 188 219
3 192 154 230 213
3 233 151 261 214
3 266 157 298 215
3 305 148 339 205
3 341 147 373 207
3 426 134 449 179
3 175 493 184 504
3 189 490 199 502
3 34 499 44 519
3 281 486 289 500
3 285 487 293 497
3 291 488 298 504
3 298 490 309 504
5 44 488 450 511
