30
1 0 175 47 348
1 17 154 82 315
1 258 165 341 367
1 189 193 261 369
1 89 202 158 370
1 308 164 360 294
1 378 164 412 248
1 352 165 389 256
1 333 132 369 222
1 253 141 290 232
1 248 128 274 191
1 522 117 534 148
1 540 121 550 148
1 535 116 547 148
1 547 155 600 356
3 62 188 113 257
3 83 139 121 198
3 123 162 175 253
3 168 166 211 260
3 220 146 254 198
3 184 138 219 179
3 284 154 325 213
3 514 307 598 370
3 358 245 519 367
3 482 226 562 324
3 452 194 493 262
3 419 181 463 249
3 497 156 541 253
3 434 152 458 175
5 1 98 598 169
