102
1 460 202 500 304
1 472 182 500 284
1 434 182 472 276
1 418 216 462 326
1 394 179 432 271
1 378 207 422 314
1 362 224 412 346
1 330 236 379 358
1 313 221 360 337
1 281 229 330 350
1 274 262 318 372
1 233 281 269 369
1 212 250 260 369
1 177 293 208 371
1 163 261 198 348
1 188 221 234 335
1 214 185 250 274
1 126 257 171 370
1 98 275 137 371
1 65 272 104 369
1 19 267 59 368
1 0 242 35 356
1 45 229 88 337
1 315 139 348 223
1 285 136 319 221
1 271 150 304 231
1 261 135 294 219
1 243 146 272 219
1 75 134 96 189
1 0 110 14 164
1 19 106 43 167
1 72 102 92 153
1 54 101 76 156
1 42 99 63 154
3 428 190 453 212
3 389 188 419 212
3 346 184 370 204
3 340 199 358 221
3 301 197 318 215
3 298 213 318 231
3 247 225 267 249
3 247 205 272 228
3 260 196 281 218
3 182 239 202 262
3 169 216 190 239
3 189 185 216 208
3 158 184 181 208
3 122 180 143 199
3 112 192 127 212
3 140 198 163 220
3 142 232 163 254
3 87 228 110 250
3 94 207 115 227
3 89 175 116 195
3 93 158 113 177
3 100 143 118 161
3 108 135 122 147
3 126 122 138 143
3 135 114 147 129
3 152 123 171 145
3 166 121 178 134
3 146 139 160 154
3 156 149 167 161
3 150 164 173 187
3 125 163 148 184
3 185 169 205 186
3 184 154 198 168
3 187 140 202 157
3 195 130 211 146
3 202 118 219 136
3 205 155 223 176
3 221 143 239 159
3 241 129 259 147
3 275 121 294 141
3 69 200 92 221
3 78 186 97 205
3 61 172 81 188
3 46 183 67 205
3 38 170 58 187
3 41 155 61 173
3 34 198 55 219
3 36 222 57 251
3 10 180 29 200
3 3 211 21 234
3 1 192 18 214
3 129 208 153 234
3 237 158 253 180
3 1 154 18 167
3 1 139 15 157
3 34 139 50 157
3 46 129 60 148
3 63 142 81 170
3 91 119 108 136
3 22 88 39 105
3 0 93 13 115
3 7 89 21 104
3 89 83 107 99
3 101 95 113 115
3 107 87 120 103
3 126 82 140 113
3 143 86 160 112
5 2 2 161 69
