30
1 134 183 180 298
1 246 179 260 213
1 329 182 336 199
1 335 179 351 221
1 339 180 362 236
1 348 182 363 222
1 350 179 367 221
1 104 178 129 242
2 90 185 123 266
2 258 181 269 209
2 295 178 313 222
2 312 183 334 238
2 306 186 327 237
2 556 184 618 339
3 139 173 170 206
3 170 187 194 232
3 193 171 224 230
3 490 181 514 219
3 424 177 436 203
3 427 178 443 208
3 430 185 440 209
3 432 186 460 212
3 56 175 69 190
3 641 0 689 105
4 59 51 76 79
4 67 64 89 95
4 495 32 519 128
4 589 0 595 73
4 595 27 600 73
4 599 7 608 62
