51
1 352 150 443 373
1 169 161 250 358
1 219 174 269 297
1 148 183 204 322
1 114 173 165 297
1 88 180 146 324
1 53 199 114 351
1 0 188 53 346
1 35 182 88 314
1 21 176 68 291
1 447 169 467 221
1 457 173 478 225
1 426 168 447 221
1 530 166 550 227
1 485 167 507 222
1 477 170 498 223
1 310 170 329 219
1 324 168 344 216
1 274 167 293 214
3 78 175 94 197
3 116 170 129 188
3 109 171 121 179
3 93 168 103 182
3 71 171 81 186
3 60 170 68 181
3 14 173 28 186
3 6 177 22 193
3 35 171 43 192
3 43 171 48 183
3 155 166 163 194
3 185 164 191 172
3 356 174 373 196
3 343 173 352 186
3 364 161 373 174
3 341 164 349 174
3 530 203 540 233
3 521 199 532 231
3 507 197 518 226
3 522 188 534 201
3 505 167 517 198
3 500 162 506 225
3 409 167 415 178
3 473 160 482 172
5 166 168 186 191
5 223 166 238 187
5 246 166 279 189
5 292 166 318 190
5 323 164 334 180
5 415 161 434 186
5 514 159 549 177
5 482 162 498 173
