43
1 6 94 146 437
1 387 195 557 611
1 523 365 623 610
1 717 265 860 613
1 911 236 1062 606
1 743 89 928 540
1 597 89 674 280
1 300 79 378 269
1 87 27 155 196
1 177 68 279 318
1 531 16 608 207
1 612 5 682 177
1 682 0 745 157
1 658 0 713 137
1 485 182 660 609
3 11 28 44 78
3 42 5 74 52
3 86 24 110 60
3 171 18 206 55
3 195 4 223 44
3 235 5 260 38
3 267 9 302 50
3 307 17 339 60
3 344 3 374 42
3 379 22 410 54
3 409 9 445 54
3 452 27 489 76
3 467 76 515 140
3 401 168 453 245
3 436 183 493 291
3 1041 105 1092 200
3 1052 23 1097 110
3 984 56 1034 121
3 743 65 779 107
3 581 0 616 34
3 492 16 520 49
3 517 2 547 34
3 946 6 988 54
3 906 23 943 81
3 850 46 900 97
3 791 31 826 80
3 727 5 759 35
3 750 5 781 31
