32
1 189 35 256 202
1 0 127 16 172
1 13 119 36 177
1 55 113 80 174
1 80 123 98 169
1 89 125 108 173
1 99 124 117 168
1 118 118 140 171
1 149 126 167 171
1 203 128 219 169
1 218 119 238 170
1 232 120 255 178
1 247 129 265 173
1 262 128 282 178
1 284 128 305 180
1 336 120 356 172
1 348 127 363 167
1 381 121 408 186
1 399 110 433 196
3 479 153 497 176
3 469 162 489 188
3 457 159 469 182
3 443 156 459 184
3 424 160 441 187
3 349 157 369 189
3 321 151 343 179
3 306 151 321 175
3 303 127 322 151
3 308 96 330 124
3 168 143 183 166
3 199 148 217 174
3 215 148 236 173
