32
1 251 260 296 369
1 0 268 51 423
1 35 252 98 409
1 67 257 110 363
1 94 249 121 315
1 154 240 172 286
1 187 242 197 269
1 144 241 153 263
1 198 243 207 268
1 210 241 223 272
1 221 241 233 273
1 234 243 248 280
1 246 248 269 304
1 438 267 487 387
1 464 251 514 372
1 508 262 545 354
1 542 278 593 406
1 518 270 570 400
1 566 277 600 421
1 560 247 600 346
1 422 268 460 364
1 409 255 449 355
1 376 250 413 340
1 361 243 397 331
1 341 252 370 323
1 321 248 348 316
1 307 250 333 315
1 271 250 296 312
1 297 246 322 308
1 286 248 306 296
1 400 250 417 295
5 0 234 121 258
